Call: neuralnet(formula = Output ~ Input, data = trainingdata, hidden = 14,     threshold = 0.01)

1 repetition was calculated.

           Error Reached Threshold Steps
1 0.004874665946     0.00769752449    66

[1] "net.result" "neurons"   
             [,1]
 [1,] 1.002977703
 [2,] 1.347363833
 [3,] 1.581942191
 [4,] 1.905988370
 [5,] 2.236725836
 [6,] 2.423085796
 [7,] 2.480202378
 [8,] 2.491516951
 [9,] 2.493145059
[10,] 2.493322009
[11,] 2.493336667
[12,] 2.493337594
[13,] 2.493337639
[14,] 2.493337641
   Input Expected Output Neural Net Output
1      1               1       1.002977703
2      4               2       1.347363833
3      9               3       1.581942191
4     16               4       1.905988370
5     25               5       2.236725836
6     36               6       2.423085796
7     49               7       2.480202378
8     64               8       2.491516951
9     81               9       2.493145059
10   100              10       2.493322009
11   121              11       2.493336667
12   144              12       2.493337594
13   169              13       2.493337639
14   196              14       2.493337641
