Call: neuralnet(formula = Output ~ Input, data = trainingdata, hidden = 14,     threshold = 0.01)

1 repetition was calculated.

          Error Reached Threshold Steps
1 0.02302254519    0.007144391211    29

[1] "net.result" "neurons"   
             [,1]
 [1,] 1.067169789
 [2,] 2.286713092
 [3,] 2.551032760
 [4,] 2.639951668
 [5,] 2.670745278
 [6,] 2.675956970
 [7,] 2.676465688
 [8,] 2.676496399
 [9,] 2.676497571
[10,] 2.676497600
[11,] 2.676497600
[12,] 2.676497600
[13,] 2.676497600
[14,] 2.676497600
   Input Expected Output Neural Net Output
1      1               1       1.067169789
2      4               2       2.286713092
3      9               3       2.551032760
4     16               4       2.639951668
5     25               5       2.670745278
6     36               6       2.675956970
7     49               7       2.676465688
8     64               8       2.676496399
9     81               9       2.676497571
10   100              10       2.676497600
11   121              11       2.676497600
12   144              12       2.676497600
13   169              13       2.676497600
14   196              14       2.676497600
